-1.794674535606458843e+00
4.131575266361241922e-02
-2.781268606692857692e-01
2.952207490719624405e-01
1.367991005365649215e+00
-5.402234478942317120e-01
-6.922092287715643222e-01
-8.537360942527354446e-01
-1.094143486301708323e+00
-4.487634309635697427e-01
-9.974706800285561628e-03
7.003884250069467576e-01
1.336717149577988817e+00
1.521925779411637536e-01
-1.757373029679582199e+00
1.195602276524633023e+00
-2.155312566781757422e-01
1.536051677292368245e+00
-1.148394410128227960e+00
-7.239017565301448798e-01
3.116605206747169010e+00
-3.208492182028663819e-01
-1.413107283430200090e+00
-9.333105266589528659e-01
-3.714169360790569585e-01
-6.354592992437086973e-01
6.191329208327621680e-01
3.267256660171628524e-01
-1.452748996729802844e+00
5.988749229665139839e-02
-7.230249752443311806e-01
1.074438909465726288e+00
6.660885680086560123e-01
4.975063718813872438e-01
-2.125205565283151632e+00
-8.170835779866356674e-01
-7.224549264927084824e-01
3.674158106866037832e-01
-1.125306800187794609e+00
-4.371026328482398027e-01
-5.091487140917274612e-01
6.971993913694474188e-01
1.389173269678227740e+00
5.815290185010314472e-01
-1.172478319087344012e+00
1.312484473219311276e+00
-2.232476215000235964e+00
2.466898031923856205e-01
2.599666788814011809e-01
7.494030945616991790e-01
-5.818682280112720262e-01
-3.463878201910224330e-01
2.248964045977374648e-01
1.765045871616208517e+00
7.242317241888568402e-01
-6.954659811731613850e-01
3.576395575958133399e-01
8.951506386365829515e-01
2.527369930672333509e-01
3.329954896139059595e-01
7.987446402971981607e-02
2.045918693427845714e+00
3.585013851134628560e-01
-7.278026059938889070e-01
5.046086624938574960e-01
-7.207862149544133068e-01
2.030112803200211646e-01
-1.120564981236677804e+00
-8.909976602547996505e-01
-4.503005590297345928e-01
-1.364059117117229158e+00
-1.588412641237988643e+00
-2.361253820910607648e-01
-3.020545008461917869e-01
1.813208625096424775e+00
-7.122749584962813074e-01
-1.977844012135885621e-01
-6.821776786681111870e-01
1.476704859467746767e-01
-9.653671546151685323e-01
3.419578227830239459e-01
-3.089309560823920164e-01
-1.072884896874725102e-01
-1.489491258370933435e+00
-6.108952545057404482e-01
-1.742338229356758528e-01
-1.610643108497015863e+00
2.430507164225159389e-01
5.164363598759468266e-01
5.369846036346993534e-01
3.489648089082140192e-01
-1.247372478855311995e+00
9.841729684331340655e-01
6.134200393668763907e-01
1.902911001922604761e+00
-1.490254970675543023e-01
1.452063067002083319e+00
-5.506730916098149242e-01
-1.512473141418226197e+00
8.803639833600351849e-01
1.378465797326748621e-01
7.885251790386990089e-01
3.740418346542362382e-01
2.571059140175258606e-01
-2.707313518838951882e+00
-2.265807666431637557e+00
2.735500941719364754e+00
1.266750622037460028e+00
-5.249276555971320590e-01
3.698134856531720693e-01
1.285613371467068777e+00
-9.664369778572183822e-01
4.332968296202979186e-01
6.702990724863209238e-01
-2.175330687797306872e+00
1.986126637556712149e-01
-7.508431358913593145e-01
3.286488338055594816e-01
-5.082082618277753427e-01
-1.392277088467127166e+00
1.521673922486378228e+00
-2.475400015816708876e-02
-7.408964054908416808e-01
-3.881361759713179010e-02
-1.052076899677351518e+00
5.544944789091335036e-01
-7.776312020081936893e-01
-4.363307975653987203e-01
-1.849065792009638443e-01
-1.145471520579127489e+00
-6.059904222593931467e-01
3.428250452140257920e-02
1.208811947445800561e+00
1.158701842208088861e-01
-2.978985091003569785e-01
3.743873792166320102e-01
-3.388802068474822127e-01
7.590914454223229857e-02
1.277567754316924153e+00
-8.827702734137108376e-01
7.861376643109668771e-01
1.143015596621894531e-01
3.548768404171965263e-01
-1.241067582752288567e+00
-1.749815884212732708e+00
1.004529270791189255e+00
-1.107344124831234788e+00
7.558777019257663099e-01
-1.149119940007799212e-01
1.988077444094606960e-01
-1.167629438309022438e+00
1.218087487208732389e+00
3.913759121738107777e-02
3.397307496377796054e-01
-7.283986337679571044e-01
2.707889805541364714e-01
-1.383647890513706624e+00
-1.129143188564997624e+00
-2.211068258921228047e+00
-7.583082044601477945e-01
8.937772650608958314e-01
1.397971339182267680e+00
1.952711846554806563e+00
1.322498885768835342e+00
1.311557070354316235e+00
4.508606179798599900e-01
2.010332298781231763e+00
6.809189302361356999e-02
-1.152581814894211742e+00
-6.433245464535304603e-02
-9.776464779907699798e-01
-2.308838201571058318e-02
-1.978911282369130997e-01
6.139577244324194716e-01
-4.268850992325324833e-01
7.096421738775552379e-01
1.255869726543941932e-02
1.524664481024701479e-01
-8.039200854716126443e-01
-1.677474374759457598e+00
8.226899521228547840e-01
-5.022375204591694731e-01
2.100237644490720312e-01
1.678941685448358534e+00
-3.226579284942460712e-01
-1.479592451756321259e+00
-3.097796290089956939e-01
-5.797062889226985982e-01
1.216480885515438981e+00
4.005371673276441058e-01
8.401501666685294578e-02
3.562630809834447909e+00
3.054603547217177861e-01
-8.662630665105173211e-01
-8.512612304349909120e-01
-5.857459203941266512e-01
1.363551110044399550e+00
-6.543439782851115938e-01
9.254543243674014930e-01
1.048323687296533802e+00
