1.827454166327141527e+00
2.008075544747006891e+00
1.576666175120400526e+00
6.059112088033464794e-01
8.037777008069941775e-01
1.992392229157295969e+00
1.751657696208427595e+00
1.109943523074162774e+00
5.815717291712085846e-01
1.635587940504129367e+00
9.834066274224119164e-01
7.288980889331191371e-01
9.914736424772439827e-02
6.862831489082760195e-01
2.766355908021748800e+00
7.523351097226907980e-01
1.060741672459639906e+00
1.711968578021021981e-01
9.777536164380481454e-01
2.472600445310000783e+00
9.157095424669950412e-02
1.634105735418972083e+00
1.075012082501882071e+00
1.151249711423437017e+00
6.367939395622137511e-01
5.879963443637230558e-01
7.850985301375802417e-01
6.878017918425400890e-01
2.022174985356277155e+00
7.988664658445011613e-01
1.586472528679129690e+00
8.526611127349001951e-01
6.388981319955298055e-01
9.309049282269447056e-01
1.652858309701411121e+00
8.223490392150337724e-01
1.030013857716716386e+00
7.296677628439673935e-01
1.306326045783789525e+00
1.541572085464586905e+00
1.498576435439101129e+00
3.587246154356065198e-01
2.323649823338426734e-01
2.641375759219633523e-01
8.761276585497611569e-01
1.262690436503510205e-01
9.104425992096439879e-01
3.304484277537934056e-01
9.254630089428456108e-01
9.774473367737571694e-01
2.345579210146251814e+00
8.197240399889030860e-01
8.527122870402723542e-01
6.739079132884905066e-02
7.635029009503058184e-01
8.200946931603058099e-01
4.499645008545585800e-01
1.307058229290514184e+00
1.371857975715521372e+00
9.189317575163769014e-01
4.645172558399852103e-01
4.465008674191867782e-02
1.821408054331503656e+00
1.359395021349913080e+00
5.761551707683834067e-01
1.369940463870468639e+00
7.284293081786914481e-01
5.950818810070165332e-01
1.023701076242790053e+00
8.477621220212719910e-01
9.992136479651755332e-01
9.112111195783778594e-01
9.833705273662783908e-01
1.149511304644863507e+00
-1.220076451284702462e-01
2.922698374749884143e-01
7.113478747061872109e-01
1.019883569993408790e+00
6.129491674213314312e-01
1.177255138666163159e+00
4.206287085751548305e-01
1.263294550275500194e+00
9.734421842777231104e-01
1.510388149563894000e+00
2.727629246376863659e+00
1.613399429697831788e+00
7.341111989139906813e-01
4.814612600312866419e-01
8.111518639999345526e-01
5.214855688809795220e-01
1.178443933456533754e+00
5.594363772820731828e-01
5.105799459468013390e-01
5.593355568519469134e-01
2.562962447836135069e-02
7.505617886230961933e-01
1.027667106518270340e-01
2.037806498068961858e+00
1.492382653226036027e+00
5.650685695688367760e-01
6.342901841791266371e-01
8.570024363099684184e-01
6.431542814107302775e-01
7.919588126595303867e-01
6.207605095720676314e-01
3.000000000000000000e+00
-1.291737074735241908e-01
7.836365541799723833e-02
9.281891782617995856e-01
1.394218237946265759e+00
5.981136062536145104e-02
1.128472151921334099e+00
5.763250946504930861e-01
2.946664928496146030e-01
2.869207194305573694e+00
1.266826465031414717e+00
6.628575110454703045e-01
6.923379225068361231e-01
8.983634514816857264e-01
8.014759697046858200e-01
2.305600349904310953e-01
4.848735286117279442e-01
1.866096195052485918e+00
7.272516069110248615e-01
1.674031526133375358e+00
9.125346228926203285e-01
1.306642938184489511e+00
1.308487169358150792e+00
9.314076035918416041e-01
1.314652357143059502e+00
8.462432557053580773e-01
1.327249373827207757e+00
2.385950196405664803e-01
8.094043388183471688e-01
1.158803480481577441e+00
5.357593401083621254e-01
1.795475608567752790e+00
1.584992078065571297e+00
1.075589888690323959e-01
1.085848800322425589e+00
4.703361829120086823e-02
1.028551250326760425e+00
4.113345595467603477e-01
1.689261246730474175e+00
1.248195483458899524e+00
4.903280640559126158e-01
1.237183508041442392e+00
4.893722145457132244e-01
1.769764606792565420e+00
5.847470668362285684e-01
1.046621633286965780e+00
5.856471552769093591e-01
1.180103704947536691e+00
1.217951576851422413e+00
1.646363626630577004e+00
1.190223494291168693e+00
1.387593147430080220e+00
1.442484254975639812e+00
1.127393303020566284e+00
8.230333805330675156e-01
1.137673834596924782e-01
2.352120468762296523e-01
1.274143357828936840e-01
6.448601117591079568e-01
5.826353968116814164e-01
9.380246466108331793e-01
5.125738804407519583e-02
7.994076932844570438e-01
6.711971233063716014e-01
5.269341383773061827e-01
1.296448553129517123e+00
3.721781210054165290e-01
1.373805010017260519e+00
1.036338113474078781e+00
1.461569143608655308e+00
8.956757979379809109e-01
8.346088415602690436e-01
1.660732931303824156e+00
1.128817549631733641e+00
8.213210156424545216e-01
6.186325223764786996e-01
1.773199608192374210e+00
7.554084526566560154e-01
1.305668788591565210e-01
8.927304693293315330e-01
1.050821581515604120e+00
1.060721148766316846e+00
1.506446040422118715e+00
8.291076882239187817e-01
6.644666352234113171e-01
4.895378955611169869e-01
1.473480533908669843e-01
9.426752511782851007e-01
1.543721513207123142e+00
1.115876396623264100e+00
1.409325208599351287e+00
2.262300947410098850e-01
9.394500780929009309e-01
5.486991636776503700e-01
1.421711005573454756e+00
