-1.306094168624340357e+00
-2.673533507966663891e-01
-4.625829447344718126e-01
3.195155068627191786e-01
5.915795971108409601e-01
-6.381033016168351502e-01
-9.200878547205422198e-01
-8.053042967326390356e-01
-1.223725519998330569e+00
-4.008092380163358337e-01
-4.205573581977113951e-01
7.800169139734960400e-01
5.852741979471832723e-01
2.127132563049433378e-01
-1.166671675289107979e+00
1.514485085910745044e+00
-6.885462796603331048e-02
2.104101926571595893e+00
-1.179405734569802799e+00
-7.394382044549293598e-01
7.429605795248201972e-01
-3.655563892331758491e-01
-1.198472433977428642e+00
-1.147539375396193106e+00
-2.063662221181098988e-01
-1.111546046367207108e+00
3.943472038786557943e-01
2.271416411552539816e-01
-1.096067850200670213e+00
-4.672466562083621433e-02
-6.040613164158104009e-01
1.309170987347905601e+00
2.289390356500911050e-01
3.212061879926503272e-01
-1.147663275085220480e+00
-8.762008883104941415e-01
-4.599759785901731957e-01
1.434980650914010336e-01
-9.977779053074831150e-01
-3.398609281798835036e-01
-5.031133704944047436e-01
5.200106027740096504e-02
3.402409905168333748e-01
1.205787437302183962e+00
-1.161745772787868836e+00
6.138010855505239283e-01
-1.948412187885618208e+00
-6.330850729558126222e-01
6.928115104602546037e-02
7.017825228810470328e-01
-4.784355792035408506e-01
-4.691836805067343130e-01
-7.212011145089768267e-03
5.306293347721059428e-01
7.613864372007385084e-01
-5.621319016193462303e-01
-3.022851946300952539e-02
8.646810031095480964e-01
-2.531662828787943909e-01
-5.722872431755131155e-03
3.419428326922008959e-02
5.433866936718331209e-01
2.927568197857658219e-02
-9.444056083695778758e-01
2.201944969457957924e-01
-6.546040097505599897e-01
2.329737458441722697e-01
-6.139491765098363807e-01
-6.686851903785802076e-01
-4.933164094629445828e-01
-8.426690804602284812e-01
-1.885404413615280106e+00
-1.525968457264117138e-02
-1.608873843723984676e-01
-3.000000000000000000e+00
-1.689821271941755132e+00
-8.132304895567524783e-01
-5.133536310985732376e-01
-5.480480384582041981e-02
-4.464427400393113365e-01
1.123752637115991437e-01
-2.650134398263235824e-01
-5.308540694835384155e-01
-1.147765194104373387e+00
-6.562262486473532386e-01
-5.086503855154719256e-01
-1.546705373417664564e+00
4.983071715033273730e-01
2.011841093327226826e-01
4.933126026548257381e-01
2.227151595168941345e-01
-1.472243191186821676e+00
6.798715130920741645e-01
6.365903713392311314e-01
4.704851070071494612e-01
-2.324049294445592884e-01
5.696091106180943830e-01
-5.794804759312781606e-01
-1.265473139881784448e+00
1.645219021446441943e+00
-5.242963293819553616e-01
3.433220156175282312e-01
1.159583763337710960e-01
-2.550531568518753511e-01
-3.000000000000000000e+00
-1.163601530827548469e+00
-4.947732945611160171e-01
4.840268238696254222e-01
-6.344346882167122281e-01
2.958566812890916498e-01
1.676347384337046817e-02
-5.130562582608710898e-01
1.569209837030018040e+00
-2.135569724996299115e-02
-1.583268365906838948e+00
3.950810567021673103e-02
-8.514057997551628398e-01
2.949295641375321853e-01
-8.336882035389929779e-01
-1.092165277789763911e+00
4.432782776300763228e-01
-6.458464096428013779e-01
-5.436792861677514077e-01
-1.809829823725524756e-01
-8.984656134817883277e-01
1.723244493205436934e-01
-7.006361524328275081e-01
-5.264524751273441661e-01
-5.883561000460247881e-01
-1.016220610420739412e+00
-8.325968910005244750e-01
-2.127301673051998077e-01
4.139624877006181647e-01
-5.173495201111828062e-02
-5.061960069878261859e-01
-5.744041563221610053e-02
-4.522675377071467273e-01
-4.195357470764001645e-02
5.729543457677428453e-01
-6.469615098780983065e-01
3.782025105084719230e-01
-4.862500628911060885e-02
6.040670197720134915e-01
-9.392010716465571951e-01
-1.004289138408066551e+00
1.057554821225886954e+00
-8.712993950843445079e-01
1.273329128624316187e-01
-2.434634960610969345e-01
-2.816668459018299986e-01
-8.750734290699209161e-01
9.747230873509670213e-01
-1.707086802227968103e-01
3.641690752514903373e-01
-6.826818842411539467e-01
-2.381066910097738316e-03
-1.417533534821137087e+00
-9.256670373113820016e-01
-2.148435961509898018e+00
-6.932690462893861261e-01
4.267145730309023777e-01
4.736603308326188810e-01
6.878490246679397346e-01
4.654752235143509997e-01
1.093775730005876579e+00
1.317650170849251345e-01
5.675250398440864208e-01
-3.694747186768153613e-01
-9.743684232268936540e-01
-5.977298612224354324e-01
-8.836373270448028006e-01
-7.853167497777100436e-01
-3.985256808217156888e-01
2.357016459432405564e-01
-4.067454625731342643e-01
5.893727855537411742e-01
-2.580922187461480166e-01
1.329902538614441410e-01
-9.818576638808016455e-01
-1.858288584529304677e+00
7.131489181112103948e-01
-3.202311425145485391e-01
2.633845204577627830e-01
5.104856556702207504e-01
-5.490899292936799458e-01
-9.802334372200397494e-01
-4.198501987201141983e-01
-5.445976471860040080e-01
1.240935211535647120e+00
4.680951847168715596e-01
-6.005842483579175717e-01
1.064271138679577788e+00
1.169592882867832306e-01
-6.309981041359290499e-01
-1.211887247725095040e+00
-5.257683338591829791e-01
3.652279406176520693e-01
-1.277551171588228840e+00
5.500050844432230468e-01
7.103942157042476557e-01
