-1.259837409402551733e+00
-4.261456824164958634e-01
6.523425790989876294e-01
2.445308609501561037e+00
2.141965781166420779e+00
1.245490480701820557e+00
-2.499115890575553389e-01
-4.348169031970358089e-01
-1.384118979621793699e-01
2.818601831347483100e-01
9.892318017321167778e-01
1.198106192525316346e-02
3.127750763893540342e-01
-3.746444844274605668e-01
-2.124353692599179055e-01
-5.594285314412168475e-01
-3.711296635498559926e-01
-1.654161101248008137e-01
-1.103442621371765187e+00
2.758188681553019883e+00
2.077206816144073986e+00
-2.061267484492087521e-01
2.703723847515430156e-01
3.897721872479669725e-01
-1.957219015777425797e-01
4.287933435298768026e-01
-7.462206950061789357e-01
-1.054535506466253381e+00
1.056926111216500486e+00
4.933220894355875852e-01
-1.059464577766884019e-01
1.828716349738577010e-02
5.695439553064861604e-01
4.935092110427293649e-02
9.181533297964146190e-01
1.264158726102731611e+00
5.932887446260876052e-01
-2.965519518803987897e-01
2.780606133067192731e-01
1.679946134155979598e+00
-9.245087107392458980e-01
7.103710948399123426e-01
-8.428043384597352361e-01
2.960905662387620096e-01
-1.318155541894058480e+00
1.613685509567791110e+00
-7.450037426138271801e-01
2.337388302573789822e+00
-7.055472185617766012e-01
5.279652289601397541e-01
5.845916762905033481e-01
1.200479364046592279e+00
-1.051085065239554917e+00
3.370486318620003474e-01
6.449647755186063147e-01
-6.025957841587696595e-02
1.768801226090160883e+00
-1.335748294994245633e-01
-5.874093639673900746e-01
1.020671557718307421e+00
1.322168980459585530e+00
3.000000000000000000e+00
-1.034584443671873855e+00
2.676627726537264551e-01
9.354317094737661931e-01
-1.030818882523354851e+00
6.131230433316761097e-01
1.647953564642364588e-01
-4.920641871638413711e-01
-1.236000931982644407e-01
5.462112408329513613e-01
-1.014664065083740185e+00
-9.595606873349958876e-01
3.000000000000000000e+00
8.821494069238613456e-01
3.000000000000000000e+00
-1.131994862037693506e-01
-1.125270096661542985e+00
-7.159115674444349597e-01
-8.939809519565990181e-02
-3.873143611620549209e-01
-1.010743869915582849e+00
-1.067072672461170324e+00
1.554120153639738877e+00
2.839687705087268199e-01
-3.568289387759696618e-01
4.947204509699195674e-01
1.133269178847006398e+00
1.788478988578867113e-01
1.088822011842354609e+00
-9.506015594511262323e-01
2.362280612810948366e+00
3.000000000000000000e+00
-2.651985945162441682e-01
-6.165996566096298981e-01
-3.897287051572180805e-01
1.354424482567089472e+00
-6.987494493534486262e-01
-5.260916511184748900e-01
-1.162927360391099896e+00
